371
365
214
218
342
304
481
239
310
314
205
208
268
269
322
236
256
260
308
107
194
195
67
69
399
155
364
233
279
231
271
268
301
283
193
196
244
246
363
285
306
187
299
121
189
134
216
215
227
198
182
183
124
127
161
162
221
224
312
97
150
154
198
199
254
176
188
169
275
93
215
216
183
25
151
152
92
93
208
195
95
96
276
247
176
179
194
195
109
113
122
125
297
212
171
173
270
205
235
232
167
111
161
287
276
215
123
232
235
298
209
224
225
282
146
259
150
112
114
216
210
195
197
239
240
188
191
249
228
94
96
327
229
217
198
228
229
273
274
212
213
222
201
148
133
330
325
314
301
112
98
155
160
292
210
232
206
268
217
324
274
89
92
272
274
278
177
226
227
203
204
224
225
194
111
221
225
140
145
269
270
230
207
195
132
266
105
181
182
323
230
281
137
252
202
293
294
334
313
242
243
292
209
219
187
208
209
173
177
103
105
278
282
353
249
369
169
280
284
230
232
337
331
147
148
192
196
238
100
271
220
177
180
112
114
392
251
215
219
248
249
325
121
131
99
315
166
246
151
257
74
262
263
271
256
222
226
301
234
219
223
331
307
249
218
299
300
304
308
270
274
302
286
196
197
259
247
170
171
290
278
320
157
198
202
216
125
82
83
221
142
269
270
118
119
303
179
289
207
274
201
204
206
333
179
333
179
154
158
134
135
241
95
284
287
223
225
234
230
335
339
223
229
194
195
109
113
122
125
297
212
171
173
270
205
235
232
167
111
161
287
276
215
123
232
235
298
209
224
225
282
146
259
150
112
114
216
210
195
197
239
240
188
191
249
228
94
96
327
229
217
198
228
229
273
274
212
213
222
201
148
133
330
325
314
301
112
98
155
160
292
210
232
206
268
217
324
274
89
92
272
274
278
177
226
227
203
204
224
225
194
111
221
225
140
145
269
270
230
207
195
132
266
105
181
182
323
230
292
210
232
206
251
148
308
309
282
208
233
236
126
127
328
243
157
289
238
257
258
181
182
344
154
270
271
339
267
330
328
153
156
305
308
291
53
299
203
319
164
182
83
310
223
219
119
321
322
265
268
277
240
191
193
236
237
211
215
264
265
338
158
212
149
135
138
317
272
169
171
199
310
205
251
158
189
178
205
206
316
322
155
158
310
312
300
219
203
204
216
220
236
231
217
218
375
207
238
239
194
195
109
113
122
125
297
212
171
173
270
205
235
232
167
111
161
287
276
215
123
232
235
298
209
224
225
282
146
259
150
112
114
216
210
195
197
239
240
188
191
249
228
94
96
327
229
217
198
228
229
273
274
212
213
222
201
148
133
330
325
314
301
112
98
155
160
292
210
232
206
268
217
324
274
89
92
272
274
278
177
226
227
203
204
224
225
194
111
221
225
140
145
269
270
230
207
195
132
266
105
181
182
323
230
233
167
265
258
208
212
279
138
354
148
198
199
294
295
361
219
371
372
167
168
327
296
284
175
337
278
308
172
309
288
238
204
277
278
190
194
242
236
285
289
260
241
269
79
269
163
201
187
244
181
154
155
227
165
257
257
55
330
329
218
124
160
166
324
256
378
262
264
147
341
264
251
184
236
239
268
176
220
221
263
265
353
267
369
312
350
356
381
366
321
316
205
206
173
174
174
175
181
185
307
186
163
164
367
327
384
296
286
280
281
257
296
251
225
226
328
142
215
99
238
184
129
126
111
107
253
54
207
210
289
283
271
112
279
280
149
150
270
185
202
203
292
262
338
304
264
265
220
224
229
231
194
195
109
113
122
125
297
212
171
173
270
205
235
232
167
111
161
287
276
215
123
232
235
298
209
224
225
282
146
259
150
112
114
216
210
195
197
239
240
188
191
249
228
94
96
327
229
217
198
228
229
273
274
212
213
222
201
148
133
330
325
314
301
112
98
155
160
292
210
232
206
268
217
324
274
89
92
272
274
278
177
226
227
203
204
224
225
194
111
221
225
140
145
269
270
230
207
195
132
266
105
181
182
323
230
188
191
116
117
189
142
288
252
265
266
343
204
8
282
283
285
185
270
212
168
173
126
129
123
126
303
216
377
241
286
286
254
256
248
16
305
309
324
202
283
178
132
250
211
236
237
229
150
265
253
260
194
251
255
444
275
247
252
302
304
337
82
227
228
288
206
226
227
212
217
195
199
194
195
109
113
122
125
297
212
171
173
270
205
235
232
167
111
161
287
276
215
123
232
235
298
209
224
225
282
146
259
150
112
114
216
210
195
197
239
240
188
191
249
228
94
96
327
229
217
198
228
229
273
274
212
213
222
201
148
133
330
325
314
301
112
98
155
160
292
210
232
206
268
217
324
274
89
92
272
274
278
177
226
227
203
204
224
225
194
111
221
225
140
145
269
270
230
207
195
132
266
105
181
182
323
230
259
128
276
256
161
162
219
222
268
270
187
189
303
298
247
225
270
252
299
264
438
224
122
126
271
213
223
229
184
185
245
172
159
164
214
225
206
180
273
128
241
183
276
215
216
217
283
188
208
210
355
271
131
82
253
254
175
58
226
161
248
254
188
191
117
118
276
277
75
294
258
309
310
308
309
295
296
348
323
330
331
280
210
290
265
307
148
281
283
246
191
329
250
239
240
250
251
56
194
195
109
113
122
125
297
212
171
173
270
205
235
232
167
111
161
287
276
215
123
232
235
298
209
224
225
282
146
259
150
112
114
216
210
195
197
239
240
188
191
249
228
94
96
327
229
217
198
228
229
273
274
212
213
222
201
148
133
330
325
314
301
112
98
155
160
292
210
232
206
268
217
324
274
89
92
272
274
278
177
226
227
203
204
224
225
194
111
221
225
140
145
269
270
230
207
195
132
266
105
181
182
323
230
375
334
268
269
296
68
408
198
398
365
302
306
349
350
283
192
307
228
200
200
317
240
255
251
271
209
276
193
160
164
162
167
168
170
255
259
287
288
316
181
256
257
368
203
303
304
235
236
273
235
304
284
204
207
283
221
222
157
255
162
215
217
231
230
321
197
263
215
330
271
230
236
282
210
157
363
194
274
275
242
245
404
251
286
288
202
203
261
264
300
268
154
157
329
256
267
268
280
275
281
194
251
183
297
173
256
235
128
130
317
292
185
186
242
236
265
267
239
240
292
202
302
215
248
249
280
282
273
276
258
228
246
250
252
255
364
217
299
292
275
207
237
240
180
181
216
220
213
63
246
175
218
219
248
252
145
276
280
360
252
315
195
287
253
234
235
267
269
153
156
303
304
69
200
201
278
166
279
164
439
291
122
124
262
266
361
230
210
213
369
250
331
233
342
231
339
277
300
224
304
307
142
146
267
162
285
286
123
125
310
160
232
236
307
177
303
184
372
289
278
279
210
211
332
240
408
151
151
152
102
104
309
312
235
215
411
210
339
210
417
142
318
322
182
185
222
202
331
326
186
188
376
312
275
260
259
260
363
215
341
195
288
290
111
101
287
288
130
133
175
176
237
241
133
134
302
193
213
216
393
250
281
299
328
233
183
186
269
195
191
195
216
218
149
150
143
134
302
232
157
161
175
176
157
158
186
187
181
147
158
162
162
105
184
186
262
128
219
140
167
133
247
144
256
99
67
73
300
293
219
222
272
153
105
58
119
304
229
267
180
339
257
223
227
256
257
261
264
259
159
309
216
257
196
165
171
217
219
247
70
338
247
304
161
227
228
206
212
294
253
275
277
310
233
102
104
350
152
327
328
231
170
209
211
282
220
271
208
217
221
